3255
3290
3419
6351
11268
13550
15319
16616
17269
21713
21736
21810
22851
25217
27035
31494
32855
33933
36163
36650
38967
41972
46144
50796
52425
53349
55665
59402
60235
60761
62242
63810
67239
71212
73691
76176
77029
81093
83353
83916
88239
89084
90334
95291
95842
100712
102761
106382
108489
112564
116657
121039
125836
130213
133061
133665
134814
136427
138768
140067
140195
142174
146466
150530
150539
153559
154532
155086
156769
161254
161778
162269
167187
171538
171868
176100
176165
180031
183198
184834
187039
188406
193010
196396
196438
197282
198196
201105
202253
206618
207013
209361
211061
212536
213812
214912
218170
218758
221414
222843
224421
225560
226674
229819
230195
232467
235213
235315
237446
238848
239170
242335
242801
246983
250117
253140
254817
256669
259508
262547
264182
266658
270707
271433
272705
275433
278837
280722
282616
287501
292375
295723
298039
300318
304857
308921
310018
310493
312617
316433
316883
316905
320384
321151
322729
324706
328418
331385
333688
336264
340884
341380
344513
345509
348336
350663
351890
353843
355205
357553
359783
360732
361763
364090
365440
369501
371020
374097
375871
379674
384408
386747
389518
392999
393921
395955
396687
397157
399362
402288
402376
402484
403038
405293
408673
408995
410728
413920
417045
418149
422883
426205
428979
430944
435516
439255
444067
446657
447568
452475
454324
457618
457851
462574
462743
463216
466366
467582
468438
471235
475808
478862
481555
481931
485485
488817
491051
495766
499231
501754
505078
509339
514236
516374
519785
523669
525550
527150
530537
532890
536635
539387
539432
540086
543414
545809
548469
552445
555657
555824
560405
565009
565830
567207
569510
573910
574133
574610
578397
579109
580056
582356
582537
584699
587474
587722
588824
591740
592071
592495
593209
594983
597362
599432
599986
602098
603698
606045
610490
613266
616736
616964
620824
625655
626421
627133
629004
632709
634231
638541
641858
645471
648495
653372
655480
656130
657060
658327
659178
662358
667236
670716
673481
674283
675850
679083
679348
679609
681528
684993
686594
690169
691114
691331
692592
697034
699155
699594
701944
704389
705456
708948
713405
715307
718555
719136
721040
722444
723804
723895
728105
732335
736840
739026
743631
748461
751567
753791
754235
757762
757985
759579
764290
767017
767178
770323
773796
775354
776417
780628
784931
789184
791701
796461
797686
801441
805692
807737
809252
812169
812195
813455
815961
817058
817362
819534
821179
822006
822377
822618
826243
829861
831997
833419
837188
838942
841270
842751
845416
847036
849983
852365
853624
855481
859960
861164
861217
864843
867303
869424
871915
875909
878184
879328
882257
883841
884591
888250
890740
892843
895654
897789
900304
904415
908140
910430
912054
913662
915609
917346
918356
920655
922066
924260
929025
931936
936274
938171
939703
942890
947708
947909
951011
955123
957844
959588
961251
961257
961570
966091
970605
974649
979521
983338
987105
990129
990660
994168
994352
995858
996023
999522
1000979
1005387
1006017
1006639
1010406
1015128
1017323
1017519
1018248
1020479
1023414
1026063
1028697
1030700
1033741
1037144
1037947
1041117
1043211
1045476
1049961
1054116
1058313
1060512
1064521
1067040
1070656
1071573
1071939
1074014
1076387
1080705
1083329
1084609
1087840
1089604
1094458
1098885
1101765
1102407
1106574
1110076
1111685
1116017
1117758
1117972
1119318
1121590
1125133
1127356
1129014
1130442
1132717
1136435
1137547
1138222
1138969
1142073
1146040
1148890
1150205
1151793
1154685
1157852
1159623
1163376
1163408
1166981
1167384
1170256
1170762
1171452
1176011
1176529
1177783
1181360
1184782
1185805
1189295
1193214
1194382
1195343
1196923
1198621
1201688
1204352
1208831
1212427
1213194
1217597
1221182
1225729
1230609
1233287
1235660
1240409
1243634
1245219
1247744
1249322
1251778
1255541
1257924
1259473
1264092
1268080
1268966
1269356
1272778
1275998
1279331
1283518
1283610
1284755
1285820
1288775
1289789
1292251
1295287
1296434
1297160
1299780
1303707
1306113
1308336
1310068
1310135
1314406
1319204
1319497
1319724
1323796
1326373
1330053
1334578
1336073
1337294
1340651
1340687
1345091
1347443
1348572
1351423
1353988
1356037
1356696
1357218
1360235
1363040
1364845
1365747
1366181
1366252
1367342
1371025
1374804
1379356
1383685
1388008
1388374
1392743
1396543
1397119
1397876
1401122
1405005
1406917
1408856
1411434
1412168
1413397
1416048
1417601
1421083
1421218
1422768
1422781
1426048
1430993
1433036
1436842
1437148
1441493
1442343
1443084
1446709
1450470
1454359
1456052
1459986
1463334
1464327
1466905
1471309
1473403
1476487
1478334
1482871
1486673
1489015
1490635
1490885
1495823
1500212
1500546
1503540
1503816
1506544
1507919
1509537
1512213
1517171
1518451
1518492
1523114
1524896
1528947
1530962
1535486
1536295
1540765
1544286
1545033
1547007
1547973
1549248
1554217
1558850
1559044
1563351
1564470
1565104
1566907
1568267
1568914
1571160
1576045
1579789
1584082
1585958
1587092
1590047
1593472
1595126
1596325
1597355
1599801
1604616
1608159
1610070
1612931
1615687
1620336
1622841
1622983
1627134
1631487
1631991
1632849
1634132
1635966
1636950
1641272
1642774
1644169
1644537
1646861
1649111
1652630
1657174
1662174
1662259
1666023
1670561
1672971
1673597
1676639
1678096
1680527
1682339
1684851
1686482
1690430
1693107
1695490
1699237
1701945
1703801
1704099
1706058
1710215
1712622
1714132
1717232
1719719
1719748
1721915
1726125
1726514
1730351
1732578
1733269
1737288
1741694
1745902
1750175
1752267
1755286
1758796
1759457
1760665
1761689
1763079
1763715
1764693
1768581
1769358
1773319
1774133
1775866
1780713
1784388
1786823
1789959
1792254
1793488
1796702
1797548
1800840
1801719
1802130
1804941
1805983
1808051
1810003
1813458
1813862
1816091
1817613
1821605
1822782
1824294
1826459
1828973
1832748
1835715
1836039
1838075
1842147
1843124
1845118
1849190
1853072
1854932
1856678
1858765
1861988
1865137
1867604
1868270
1868724
1871075
1875099
1877966
1881387
1883966
1888753
1889223
1891996
1894961
1899772
1903331
1907386
1908623
1910304
1912076
1915103
1917060
1917801
1918302
1921427
1921563
1922400
1924632
1925933
1927994
1930110
1933794
1935782
1935987
1938506
1942338
1943938
1944705
1944934
1945451
1950408
1954345
1959175
1963766
1966944
1970962
1973063
1973309
1977629
1980220
1982063
1984520
1985126
1988964
1990124
1993252
1994114
1995609
2000398
2003188
2005813
2008863
2010902
2011004
2011012
2014324
2015971
2019568
2023681
2024668
2027800
2031382
2032305
2037028
2040406
2042932
2043892
2046429
2049977
2051807
2056615
2060925
2064575
2068232
2068964
2071126
2074250
2078618
2079598
2082734
2085715
2089548
2092022
2094683
2098363
2101174
2104628
2105031
2108695
2112128
2114825
2119365
2120891
2122695
2124285
2127270
2130875
2133282
2136393
2140880
2144009
2148833
2153589
2154764
2157457
2161917
2165070
2165269
2169415
2172554
2173894
2177650
2179865
2180053
2181320
2183358
2187256
2188828
2189552
2193479
2194781
2199627
2202729
2207111
2210219
2210284
2211181
2212690
2214061
2218289
2222397
2222762
2226710
2226725
2231025
2233486
2235773
2240757
2242066
2243658
2247596
2249680
2254232
2257859
2259930
2262046
2264091
2267285
2270078
2272730
2274334
2278870
2282940
2285477
2286201
2290767
2290957
2294221
2298658
2303463
2305418
2307232
2312133
2312697
2316872
2317530
2319978
2320196
2324128
2324305
2327263
2331173
2335938
2339301
2343498
2345994
2348617
2348851
2352907
2354355
2355627
2357864
2360134
2362057
2364453
2366535
2370834
2371065
2373662
2374196
2376466
2377647
2382476
2383442
2383896
2385254
2387670
2390300
2391526
2394564
2394678
2395736
2399206
