3255
35
129
2932
4917
2282
1769
1297
653
4444
23
74
1041
2366
1818
4459
1361
1078
2230
487
2317
3005
4172
4652
1629
924
2316
3737
833
526
1481
1568
3429
3973
2479
2485
853
4064
2260
563
4323
845
1250
4957
551
4870
2049
3621
2107
4075
4093
4382
4797
4377
2848
604
1149
1613
2341
1299
128
1979
4292
4064
9
3020
973
554
1683
4485
524
491
4918
4351
330
4232
65
3866
3167
1636
2205
1367
4604
3386
42
844
914
2909
1148
4365
395
2348
1700
1475
1276
1100
3258
588
2656
1429
1578
1139
1114
3145
376
2272
2746
102
2131
1402
322
3165
466
4182
3134
3023
1677
1852
2839
3039
1635
2476
4049
726
1272
2728
3404
1885
1894
4885
4874
3348
2316
2279
4539
4064
1097
475
2124
3816
450
22
3479
767
1578
1977
3712
2967
2303
2576
4620
496
3133
996
2827
2327
1227
1953
1362
2348
2230
949
1031
2327
1350
4061
1519
3077
1774
3803
4734
2339
2771
3481
922
2034
732
470
2205
2926
88
108
554
2255
3380
322
1733
3192
3125
1104
4734
3322
2774
1965
4572
3739
4812
2590
911
4907
1849
3294
233
4723
169
473
3150
1216
856
2797
4573
3054
2693
376
3554
3332
2234
4715
3465
2523
3324
4261
4897
2138
3411
3884
1881
1600
3387
2353
3745
2752
45
654
3328
2395
2660
3976
3212
167
4581
4604
821
1377
2303
4400
223
477
3787
712
947
2300
181
2162
2775
248
1102
2916
331
424
714
1774
2379
2070
554
2112
1600
2347
4445
2776
3470
228
3860
4831
766
712
1871
3705
1522
4310
3317
3613
3024
4877
2108
650
930
1267
851
3180
4878
3480
2765
802
1567
3233
265
261
1919
3465
1601
3575
945
217
1261
4442
2121
439
2350
2445
1067
3492
4457
1902
3248
581
1904
1404
1360
91
4210
4230
4505
2186
4605
4830
3106
2224
444
3527
223
1594
4711
2727
161
3145
3473
1558
1063
4211
4303
4253
2517
4760
1225
3755
4251
2045
1515
2917
26
1260
2506
1097
304
2172
1645
827
371
241
3625
3618
2136
1422
3769
1754
2328
1481
2665
1620
2947
2382
1259
1857
4479
1204
53
3626
2460
2121
2491
3994
2275
1144
2929
1584
750
3659
2490
2103
2811
2135
2515
4111
3725
2290
1624
1608
1947
1737
1010
2299
1411
2194
4765
2911
4338
1897
1532
3187
4818
201
3102
4112
2721
1744
1663
6
313
4521
4514
4044
4872
3817
3767
3024
531
3508
184
1506
165
3499
1457
4408
630
622
3767
4722
2195
196
729
2231
2935
2649
2634
2003
3041
3403
803
3170
2094
2265
4485
4155
4197
2199
4009
2519
3616
917
366
2075
2373
4318
2624
1280
3231
1764
4854
4427
2880
642
4167
3502
1609
4332
1741
214
1346
2272
3543
2223
1658
1428
2275
3718
1112
675
747
3104
3967
2850
1315
1588
2892
3167
1771
3753
32
3573
403
2872
506
690
4559
518
1254
3577
3422
1023
3490
3919
1168
961
1580
1698
3067
2664
4479
3596
767
4403
3585
4547
4880
2678
2373
4749
3225
1585
2525
1578
2456
3763
2383
1549
4619
3988
886
390
3422
3220
3333
4187
92
1145
1065
2955
1014
2462
3036
1147
726
2620
3927
2406
2223
1732
67
4271
4798
293
227
4072
2577
3680
4525
1495
1221
3357
36
4404
2352
1129
2851
2565
2049
659
522
3017
2805
1805
902
434
71
1090
3683
3779
4552
4329
4323
366
4369
3800
576
757
3246
3883
1912
1939
2578
734
1229
2651
1553
3482
135
1550
13
3267
4945
2043
3806
306
4345
850
741
3625
3761
3889
1693
3934
3348
993
2578
4404
2094
3084
1847
4537
3802
2342
1620
250
4938
4389
334
2994
276
2728
1375
1618
2676
4958
1280
41
4622
1782
4051
2015
4524
809
4470
3521
747
1974
966
1275
4969
4633
194
4307
1119
634
1803
1360
647
2246
4885
3744
4293
1876
1134
2955
3425
1654
1199
1030
2446
4815
3543
1911
2861
2756
4649
2505
142
4151
4353
504
858
1283
1834
984
4322
1502
1395
368
2324
2250
3519
4544
5000
85
3764
4538
2410
626
3042
1457
2431
1812
2512
1631
3948
2677
2383
3747
2708
1856
298
1959
4157
2407
1510
3100
2487
29
2167
4210
389
3837
2227
691
4019
4406
4208
4273
2092
3019
3510
661
1208
1024
1390
636
978
3888
777
3961
814
1733
4847
3675
2435
3136
2295
1234
3214
846
3292
879
411
2811
1042
2068
1952
3455
404
2229
1522
3992
1177
1512
2165
2514
3775
2967
324
2036
4072
977
1994
4072
3882
1860
1746
2087
3223
3149
2467
666
454
2351
4024
2867
3421
2579
4787
470
2773
2965
4811
3559
4055
1237
1681
1772
3027
1957
741
501
3125
136
837
2232
1301
2061
2116
3684
1988
205
2519
3832
1600
767
229
517
4957
3937
4830
4591
3178
4018
2101
246
4320
2591
1843
2457
606
3838
1160
3128
862
1495
4789
2790
2625
3050
2039
102
8
3312
1647
3597
4113
987
3132
3582
923
4723
3378
2526
960
2537
3548
1830
4808
4310
3650
3657
732
2162
3124
4368
980
3136
2981
3833
2474
2661
3680
2811
3454
403
3664
3433
2697
4540
1526
1804
1590
2985
3605
2407
3111
4487
3129
4824
4756
1175
2693
4460
3153
199
4146
3139
1340
3756
2215
188
1267
2038
3898
1572
724
3927
1302
4846
3102
4382
3108
65
897
1509
1371
4228
4108
365
3948
15
4300
2461
2287
4984
1309
1592
3938
2084
4552
3627
2071
2116
2045
3194
2793
2652
1604
4536
4070
2537
724
4566
190
3264
4437
4805
1955
1814
4901
564
4175
658
2448
218
3932
177
2958
3910
4765
3363
4197
2496
2623
234
4056
1448
1272
2237
2270
1923
2396
2082
4299
231
2597
534
2270
1181
4829
966
454
1358
2416
2630
1226
3038
114
1058
3470
